mean_SMAPE:0.0327366855595417
median_SMAPE:0.0327366855595417
std_SMAPE:NA


mean_MASE:0.736594771207795
median_MASE:0.736594771207795
std_MASE:NA


