mean_SMAPE:0.0289043284579802
median_SMAPE:0.0289043284579802
std_SMAPE:NA


mean_MASE:0.651045687864101
median_MASE:0.651045687864101
std_MASE:NA


